Snow Density data measured on the snow lines every 100 m.

NP-05 1955
row may  jun  jun  jul  nov  nov  nov  dec
    (31) (11) (23) (04) (10) (22) (30) (31)
001 0.32 0.37 0.33 0.39 0.40 0.26 0.26 0.28
002 0.28 0.34 0.39 0.33 0.22 0.26 0.27 0.28
003 0.32 0.32 0.37 0.44 0.23 0.23 0.24 0.36
004 0.29 0.31 0.39 0.38 0.24 0.24 0.25 0.26
005 0.27 0.36 0.32 0.40 0.20 0.28 0.26 0.29
006 0.30 0.30 0.40 0.30 0.24 0.26 0.22 0.32
007 0.33 0.36 0.37 0.41 0.26 0.26 0.20 0.29
008 0.28 0.35 0.38 0.39 0.26 0.26 0.24 0.30
009 0.31 0.32  -   0.47 0.34 0.30 0.22  -
010 0.29 0.31  -   0.35 0.26 0.26  -    -
NP-05 1956
row jan  feb  mar
    (29) (27) (29)
001 0.20 0.27 0.30
002 0.19 0.22 0.18
003 0.28 0.24 0.35
004 0.30 0.24 0.24
005 0.28 0.21 0.28
006 0.29 0.36 0.34
007 0.18 0.32 0.27
008 0.27 0.24 0.29
009 0.28 0.28 0.22
NP-07 1957
row may  jun  sep  oct  nov  dec
    (31) (30) (30) (31) (25) (29)
001 0.32 0.23 0.18 0.31 0.35 0.36
002 0.34 0.37 0.15 0.26 0.29 0.36
003 0.35 0.34 0.22 0.25 0.30 0.31
004 0.37 0.31 0.14 0.38 0.20 0.28
005 0.35 0.28 0.22 0.26 0.32 0.33
006 0.34 0.36 0.27 0.32 0.33 0.24
NP-07 1958
row may  jun  oct  nov  dec
    (04) (02) (01) (02) (06)
001 0.32 0.24 0.20 0.25 0.34
002 0.29 0.25 0.18 0.26 0.30
003 0.38 0.28 0.22 0.26 0.27
004 0.34 0.30 0.18 0.24 0.27
005 0.36 0.34 0.22 0.25 0.26
006 0.31 0.28  -   0.23 0.25
007 0.35 0.25  -   0.25 0.26
008 0.33 0.27 0.20 0.25 0.28
009 0.29 0.31  -   0.24 0.26
010 0.34 0.34 0.23 0.24 0.28
NP-07 1959
row jan  feb  mar
    (07) (04) (07)
001 0.28 0.28 0.29
002 0.26 0.26 0.27
003 0.25 0.26 0.29
004 0.26 0.32  -
005 0.26 0.26 0.26
006 0.28 0.29 0.30
007 0.27 0.28 0.30
008 0.28 0.27 0.26
009 0.24 0.26 0.26
010 0.28 0.26 0.26
NP-08 1959
row may  oct  nov  dec
    (27) (20) (16) (16)
001 0.32 0.32 0.32 0.28
002 0.26 0.36 0.26 0.30
003 0.26 0.30 0.30 0.26
004 0.34 0.30 0.34 0.30
005 0.38 0.29 0.35 0.35
NP-08 1960
row jan  feb  mar  apr  may  sep  oct  nov  dec
    (30) (29) (24) (29) (30) (30) (30) (30) (29)
001 0.29 0.34 0.34 0.34 0.34 0.22 0.36 0.26 0.36
002 0.31 0.33 0.30 0.37 0.32 0.22 0.25 0.26 0.44
003 0.33 0.32 0.29 0.32 0.34 0.18 0.26 0.23 0.28
004 0.27 0.32 0.32 0.31 0.35 0.22 0.31 0.23 0.40
005 0.34 0.34 0.31 0.44 0.37 0.18 0.36 0.24 0.36
006  -    -    -    -    -   0.23 0.27 0.23 0.28
007  -    -    -    -    -   0.17 0.35 0.38 0.28
008  -    -    -    -    -   0.18 0.20 0.18 0.38
009  -    -    -    -    -   0.19 0.24 0.27 0.40
010  -    -    -    -    -   0.20 0.28 0.30 0.20
NP-08 1961
row jan  feb  mar  jun  sep  oct  nov
    (01) (22) (13) (01) (30) (31) (30)
001 0.28 0.29 0.36 0.28 0.14 0.26 0.20
002 0.27 0.35 0.27 0.28 0.13 0.18 0.28
003 0.30 0.24 0.37 0.27 0.11 0.14 0.17
004 0.29 0.34 0.36  -   0.16 0.20 0.20
005 0.23 0.44 0.31 0.36 0.15 0.20 0.28
006 0.24 0.33 0.39 0.22 0.16 0.13 0.17
007 0.22 0.34 0.40 0.28 0.16 0.15 0.25
008 0.28 0.32 0.32 0.26 0.18 0.14 0.21
009 0.32 0.28 0.33 0.32 0.18 0.25 0.19
010 0.23 0.36 0.26 0.28 0.14 0.19 0.28
NP-08 1962
row jan  feb
    (02) (28)
001 0.31 0.24
002 0.18 0.27
003 0.27 0.29
004 0.23 0.24
005 0.17 0.26
006 0.22 0.23
007 0.25 0.22
008 0.21 0.32
009 0.16 0.22
010 0.29 0.32
NP-09 1960
row may  sep  oct  nov  dec
    (31) (30) (28) (30) (30)
001 0.29 0.24 0.30 0.33 0.27
002 0.27 0.32 0.29 0.30 0.31
003 0.35 0.27 0.24 0.24 0.35
004 0.33 0.20 0.28 0.16 0.24
005 0.31 0.20 0.28 0.30 0.25
006 0.30 0.22 0.24 0.26 0.27
007 0.26 0.25 0.26 0.26 0.29
008 0.27 0.25 0.17 0.23 0.23
009 0.26 0.26 0.26 0.24 0.25
010 0.31 0.22 0.28 0.26 0.28
NP-09 1961
row jan
    (30)
001 0.29
002 0.28
003 0.22
004 0.24
005 0.38
006 0.23
007 0.30
008 0.34
009 0.29
010 0.35
NP-10 1961
    nov  dec
    (24) (22)
001 0.24 0.24
002 0.23 0.28
003 0.17 0.22
004 0.19 0.20
005 0.18 0.23
006 0.19 0.27
007 0.22 0.25
008 0.22 0.22
009 0.21 0.21
010 0.26 0.25
NP-10 1962
row jan  feb  mar  apr  may  nov  dec
    (31) (26) (31) (30) (20) (29) (30)
001 0.30 0.26 0.26 0.31 0.30 0.25 0.27
002 0.23 0.34 0.30 0.30 0.33 0.23 0.25
003 0.28 0.32 0.26 0.27 0.38 0.24 0.29
004 0.28 0.24 0.27 0.26 0.26 0.27 0.25
005 0.29 0.32 0.29 0.32 0.29 0.26 0.31
006 0.31 0.34 0.31 0.31 0.33 0.25 0.28
007 0.30 0.19 0.21 0.33 0.36 0.16 0.25
008 0.32 0.31 0.33 0.30 0.43 0.24 0.24
009 0.22 0.30 0.32 0.32 0.26 0.31 0.25
010 0.29 0.30 0.33 0.32 0.38 0.24 0.30
NP-10 1963
row feb  mar  apr
    (02) (03) (01)
001 0.29 0.31 0.32
002 0.30 0.30 0.30
003 0.28 0.25 0.26
004 0.28 0.25 0.29
005 0.30 0.30 0.30
006 0.29 0.29 0.30
007 0.23 0.32 0.27
008 0.26 0.31 0.30
009 0.25 0.27 0.28
010 0.31 0.25 0.30
NP-11 1962
row aug  sep  oct  nov
    (31) (30) (29) (30)
001 0.19 0.31 0.28 0.31
002 0.19 0.31 0.28 0.26
003 0.19 0.31 0.28 0.33
004 0.20 0.34 0.34 0.29
005 0.18 0.30 0.25 0.27
006 0.19 0.31 0.30 0.46
007 0.18 0.32 0.24 0.38
008 0.20 0.29 0.27 0.36
009 0.19 0.29 0.24 0.36
010 0.18 0.30 0.28 0.43
NP-11 1963
row jan  feb  feb  mar
    (02) (01) (28) (31)
001 0.32 0.30 0.33 0.31
002 0.30 0.26 0.34 0.27
003 0.35 0.36 0.34 0.39
004 0.37 0.32 0.34 0.16
005 0.35 0.26 0.26 0.31
006 0.20 0.31 0.32 0.32
007 0.34 0.28 0.28 0.41
008 0.35 0.29 0.33 0.31
009 0.27 0.22 0.33 0.31
010 0.32 0.40 0.29 0.29
NP-12 1963
row may  sep  oct  nov
    (31) (29) (31) (29)
001 0.29 0.29 0.25 0.27
002 0.34 0.22 0.27 0.28
003 0.32 0.20 0.28 0.32
004 0.31 0.25 0.22 0.28
005 0.32 0.19 0.28 0.33
006 0.31 0.25 0.29 0.33
007 0.37 0.22 0.24 0.28
008 0.32 0.19 0.21 0.31
009 0.33 0.21 0.27 0.25
010 0.31 0.26 0.30 0.33
NP-12 1964
row jan  feb  mar  may  may  sep  dec
    (31) (29) (30) (02) (31) (30) (31)
001 0.28 0.34 0.33 0.23 0.39 0.23 0.30
002 0.30 0.26 0.27 0.27 0.33 0.21 0.33
003 0.30 0.26 0.26 0.29 0.33 0.21 0.30
004 0.29 0.35 0.36 0.30 0.30 0.28 0.27
005 0.32 0.36 0.33 0.32 0.37 0.21 0.28
006 0.29 0.26 0.29 0.36  -   0.18 0.30
007 0.41 0.28 0.25 0.30 0.29 0.24 0.31
008 0.30 0.30 0.31 0.24 0.33 0.18 0.32
009 0.30 0.29 0.30 0.33 0.32 0.22 0.26
010 0.31 0.32 0.28 0.28 0.35 0.20 0.27
NP-12 1965
row feb  mar
    (01) (02)
001 0.28 0.29
002 0.34 0.39
003 0.28 0.28
004 0.27 0.30
005 0.30 0.35
006 0.30 0.34
007 0.29 0.30
008 0.31 0.27
009 0.30 0.32
010 0.29 0.32
NP-13 1964
row may  sep  oct  nov  dec
    (30) (30) (29) (29) (30)
001 0.33 0.17 0.23 0.28 0.36
002 0.37 0.22 0.22 0.30 0.31
003 0.35 0.21 0.27 0.29 0.30
004 0.42 0.25 0.25 0.23 0.23
005 0.45 0.17 0.27 0.33 0.32
006 0.36 0.25 0.26 0.24 0.34
007 0.35 0.21 0.22 0.26 0.24
008 0.36 0.24 0.30 0.35 0.28
009  -   0.25 0.28 0.28 0.31
010 0.27 0.24 0.24 0.23 0.33
NP-13 1965
row jan  feb  apr  may  jul  sep  oct  oct
    (29) (27) (29) (31) (02) (10) (02) (31)
001 0.29 0.30 0.30 0.28 0.28 0.30 0.26 0.32
002 0.29 0.27 0.35 0.32 0.35  -   0.24 0.26
003 0.29 0.30 0.29 0.26 0.36 0.25 0.23 0.32
004 0.30 0.35 0.31 0.36  -    -   0.24 0.26
005 0.33 0.33 0.33 0.24 0.51 0.31 0.26 0.21
006 0.33 0.38 0.41 0.33  -    -   0.20 0.28
007 0.28 0.37 0.31 0.26 0.41 0.32 0.24 0.24
008 0.32 0.29 0.35 0.21  -    -   0.24 0.26
009 0.31 0.32 0.38 0.27 0.37 0.29 0.21 0.24
010 0.37 0.29 0.32 0.34 0.37 0.30 0.24 0.36
NP-13 1966
row sep
    (20)
001 0.02
002 0.02
003 0.03
004 0.02
005 0.02
006 0.03
007 0.04
008  -
009  -
010  -
NP-14 1965
row may  sep  oct  nov
    (30) (29) (30) (30)
001 0.35 0.23 0.25 0.28
002 0.33 0.15 0.17 0.29
003 0.32 0.21 0.25 0.26
004 0.26 0.22 0.22 0.27
005 0.36 0.20 0.24 0.29
006 0.34 0.20 0.25 0.27
007 0.32 0.19 0.24 0.27
008 0.33 0.21 0.26 0.28
009 0.28 0.18 0.28 0.25
010 0.34 0.21 0.24 0.26
NP-15 1966
row may  jun  sep  oct  nov  dec
    (22) (25) (30) (27) (23) (21)
001 0.45 0.33 0.16 0.19 0.27 0.36
002 0.45 0.35 0.11 0.19 0.32 0.31
003 0.48 0.40 0.12 0.19 0.25 0.28
004 0.46 0.36 0.10 0.14 0.30 0.31
005 0.39 0.38 0.11 0.18 0.22 0.33
006 0.32 0.38 0.11 0.20 0.27 0.25
007 0.51 0.36 0.12 0.16 0.31 0.26
008 0.42 0.35 0.14 0.20 0.29 0.33
009 0.43 0.34 0.13 0.20 0.32 0.27
010 0.36 0.37 0.11 0.20 0.27 0.32
NP-15 1967
row jan  feb  mar  apr
    (22) (20) (24) (20)
001 0.36 0.42 0.31 0.31
002 0.33 0.33 0.28 0.30
003 0.37 0.27 0.32 0.35
004 0.40 0.29 0.27 0.42
005 0.23 0.43 0.34 0.34
006 0.28 0.31 0.24 0.32
007 0.39 0.33 0.36 0.33
008 0.40 0.22 0.28 0.30
009 0.34 0.28 0.33 0.32
010 0.33 0.39 0.35 0.31
NP-16 1968
row may  jun  sep  oct  nov  dec
    (20) (19) (20) (20) (20) (20)
001 0.33 0.44 0.18 0.28 0.34 0.28
002 0.36 0.40 0.27 0.41 0.26 0.25
003 0.28 0.44 0.20 0.32 0.30 0.29
004 0.24 0.31 0.30 0.37 0.31 0.34
005 0.31 0.36 0.22 0.25 0.28 0.33
006 0.32 0.44 0.25 0.29 0.31 0.30
007 0.28 0.38 0.39 0.41 0.30 0.32
008 0.34 0.43 0.25 0.36 0.28 0.26
009 0.35 0.43 0.22 0.33 0.30 0.30
010 0.37 0.37 0.22 0.34 0.31 0.29
NP-16 1969
row jan  feb  mar  apr  may  sep  oct  nov  dec
    (20) (20) (20) (20) (20) (20) (20) (20) (20)
001 0.35 0.41 0.31 0.35 0.32 0.30 0.34 0.36 0.38
002 0.36 0.33 0.35 0.36 0.33 0.33 0.33 0.34 0.34
003 0.30 0.29 0.30 0.32 0.30 0.32 0.29 0.34 0.34
004 0.32 0.31 0.35 0.34 0.33 0.32 0.29 0.37 0.35
005 0.29 0.33 0.38 0.31 0.32 0.33 0.32 0.36 0.35
006 0.28 0.38 0.32 0.32 0.30 0.33 0.33 0.33 0.34
007 0.35 0.34 0.34 0.33 0.30 0.33 0.32 0.35 0.35
008 0.28 0.31 0.29 0.38 0.29 0.33 0.34 0.33 0.34
009 0.33 0.34 0.36 0.33 0.31 0.33 0.31 0.35 0.35
010 0.29 0.32 0.34 0.32 0.34 0.31 0.33 0.38 0.37
NP-16 1970
row jan  feb  mar  apr  may  jun  jul  aug  sep  oct  nov  dec
    (20) (20) (20) (20) (20) (20) (20) (20) (20) (20) (20) (20)
001 0.34 0.36 0.31 0.23 0.34 0.32 -    -    0.20 0.25 0.25 0.24
002 0.34 0.38 0.27 0.31 0.35 0.35 -    -    0.24 0.28 0.29 0.26
003 0.32 0.32 0.31 0.36 0.34 0.33 -    0.50 0.19 0.33 0.29 0.28
004 0.38 0.28 0.32 0.37 0.31 0.24 0.62 -    0.22 0.20 0.25 0.29
005 0.41 0.37 0.36 0.31 0.31 0.35 -    -    0.20 0.28 0.24 0.27
006 0.32 0.31 0.35 0.34 0.27 0.34 0.53 -    0.21 0.26 0.25 0.27
007 0.35 0.34 0.37 0.44 0.30 0.35 -    0.59 0.18 0.29 0.30 0.27
008 0.34 0.25 0.36 0.37 0.28 0.37 -    -    0.21 0.31 0.28 0.32
009 0.40 0.41 0.35 0.43 0.29 0.32 -    0.49 0.21 0.29 0.23 0.23
010 0.33 0.34 0.35 0.38 0.36 0.35 0.50 -    0.19 0.26 0.27 0.31
NP-16 1971
row jan  feb  mar  apr  jun  sep  oct  nov  dec
    (20) (20) (20) (20) (20) (20) (20) (20) (20)
001 0.30 0.27 0.29 0.34 0.38 0.25 0.30 0.27 0.30
002 0.37 0.33 0.27 0.28 0.31 0.26 0.25 0.27 0.27
003 0.28 0.32 0.34 0.32 0.31 0.23 0.33 0.29 0.31
004 0.33 0.30 0.35 0.31 0.46 0.24 0.31 0.30 0.31
005 0.31 0.39 0.36 0.30 0.40 0.23 0.27 0.32 0.29
006 0.35 0.26 0.34 0.34 0.32 0.25 0.26 0.33 0.30
007 0.40 0.28 0.35 0.32 0.44 0.26 0.34 0.34 0.31
008 0.28 0.46 0.31 0.32 0.41 0.27 0.31 0.32 0.31
009 0.36 0.34 0.36 0.33 0.48 0.28 0.29 0.29 0.33
010 0.28 0.32 0.34 0.34 -    -    -    -    0.28
NP-18 1968
row nov
    (23)
001  -
002  -
003  -
004  -
005  -
006  -
007  -
008  -
009  -
010  -
NP-18 1970
row may  oct  nov  dec
    (20) (20) (20) (20)
001 0.37 0.23 0.24 0.27
002 0.35 0.20 0.26 0.30
003 0.30 0.25 0.26 0.25
004 0.26 0.22 0.26 0.26
005 0.36 0.23 0.28 0.29
006 0.34 0.21 0.19 0.27
007 0.27 0.24 0.24 0.23
008 0.28 0.21 0.23 0.29
009 0.31 0.23 0.26 0.26
010 0.25 0.20 0.26 0.25
NP-18 1971
row jan  feb  mar  may
    (20) (20) (20) (24)
001 0.27 0.32 0.34 0.22
002 0.29 0.31 0.31 0.30
003 0.25 0.33 0.30 0.26
004 0.28 0.29 0.33 0.25
005 0.31 0.31 0.32 0.23
006 0.29 0.32 0.31 0.34
007 0.26 0.29 0.29 0.31
008 0.30 0.30 0.33 0.25
009 0.27 0.34 0.31 0.29
010 0.30 0.32 0.34 0.26
NP-19 1970
row jan  nov  dec
    (31) (30) (30)
001 0.25 0.30 0.26
002 0.25 0.31 0.35
003 0.28 0.24 0.29
004 0.27 0.26 0.15
005 0.28 0.21 0.28
006 0.27 0.26 0.23
007 0.28 0.31 0.19
008 0.24 0.36 0.26
009 0.28 0.26 0.33
010 0.30 0.21 0.39
NP-19 1971
row jan  feb  mar  may  nov  dec
    (31) (28) (31) (22) (14) (02)
001 0.23 0.22 0.30 0.33 0.28 0.28
002 0.24 0.31 0.34 0.31 0.27 0.28
003 0.27 0.32 0.31 0.30 0.24 0.26
004 0.33 0.23 0.36 0.26 0.30 0.26
005 0.32 0.28 0.28 0.29 0.27 0.29
006 0.24 0.32 0.33 0.32 0.31 0.27
007 0.30 0.34 0.34 0.42 0.28 0.30
008 0.29 0.33 0.33 0.33 0.31 0.26
009 0.30 0.38 0.31 0.31 0.31 0.27
010 0.30 0.32 0.26 0.29 0.35 0.27
NP-19 1972
row jan  feb  may
    (03) (02) (20)
001 0.33 0.32 0.29
002 0.25 0.31 0.31
003 0.30 0.35 0.28
004 0.30 0.32 0.19
005 0.30 0.30 0.30
006 0.32 0.29 0.35
007 0.29 0.31 0.24
008 0.34 0.31 0.30
009 0.33 0.34 0.26
010 0.32 0.32 0.28
NP-20 1970
row may  sep  oct  nov  dec
    (20) (20) (20) (20) (25)
001 0.27 0.11 0.18 0.26 0.28
002 0.32 0.18 0.18 0.24 0.25
003 0.30 0.14 0.22 0.28 0.30
004 0.33 0.09 0.27 0.30 0.30
005 0.25 0.20 0.19 0.20 0.27
006 0.29 0.19 0.22 0.26 0.25
007 0.28 0.14 0.15 0.19 0.22
008 0.26 0.16 0.23 0.30 0.29
009 0.31 0.10 0.20 0.28 0.28
010 0.29 0.17 0.21 0.24 0.27
NP-20 1971
row jan  feb  mar  apr  may  sep  oct  nov  dec
    (18) (22) (20) (20) (20) (20) (20) (20) (20)
001 0.33 0.32 0.28 0.34 0.28 0.23 0.31 0.32 0.30
002 0.27 0.30 0.30 0.32 0.28 0.24 0.24 0.31 0.31
003 0.28 0.29 0.28 0.34 0.31 0.26 0.30 0.31 0.29
004 0.32 0.35 0.37 0.36 0.30 0.26 0.30 0.32 0.32
005 0.26 0.28 0.38 0.29 0.37 0.25 0.26 0.30 0.27
006 0.27 0.33 0.27 0.32 0.28 0.24 0.24 0.32 0.28
007 0.24 0.26 0.28 0.30 0.31 0.22 0.32 0.29 0.32
008 0.30 0.26 0.31 0.35 0.31 0.29 0.36 0.35 0.30
009 0.30 0.31 0.29 0.33 0.30 0.24 0.25 0.28 0.32
010 0.29 0.30 0.31 0.37 0.34 0.24 0.25 0.33 0.31
NP-20 1972
row jan  feb  mar  apr
    (20) (20) (20) (20)
001 0.30 0.38 0.33 0.30
002 0.30 0.36 0.30 0.30
003 0.35 0.37 0.33 0.30
004 0.46 0.37 0.35 0.31
005 0.46 0.35 0.26 0.34
006 0.38 0.37 0.33 0.32
007 0.36 0.37 0.32 0.30
008 0.35 0.41 0.35 0.32
009 0.33 0.37 0.35 0.33
010 0.35 0.35 0.36 0.33
NP- 22   1974
row  oct  nov  dec
    (20) (20) (22)
001 0.26 0.29 0.26
002 0.25 0.41 0.24
003 0.29 0.30 0.29
004 0.30 0.30 0.26
005 0.21 0.25 0.23
NP- 22   1975
row jan  feb  mar  apr  may  jun  sep  oct  dec
    (22) (20) (20) (20) (20) (11) (20) (20) (20)
001 0.27 0.28 0.28 0.35 0.32 0.37 0.27 0.28 0.27
002 0.28 0.32 0.29 0.26 0.31 0.33 0.29 0.27 0.24
003 0.29 0.27 0.28 0.23 0.29 0.28 0.27 0.31 0.27
004 0.22 0.20 0.30 0.33 0.31 0.32 0.27 0.22 0.27
005 0.28 0.27 0.22 0.34 0.33 0.31 0.30 0.29 0.29
NP- 22   1976
row jan  feb  mar   apr  may  oct  nov  dec
    (20) (20) (20) (20) (20) (20) (20) (20)
001 0.28 0.28 0.33 0.29 0.37 0.32 0.23 0.26
002 0.25 0.31 0.34 0.28 0.36 0.18 0.28 0.26
003 0.27 0.34 0.32 0.30 0.37 0.28 0.28 0.32
004 0.28 0.34 0.30 0.30 0.36 0.33 0.29 0.27
005 0.26 0.32 0.34 0.35 0.34 0.34 0.18 0.30
NP- 22   1977
row  jan  feb  mar  apr  may  sep  oct  nov  dec
    (20) (20) (20) (20) (20) (19) (19) (20) (19)
001 0.26 0.35 0.31 0.33 0.33 0.22 0.30 0.29 0.28
002 0.28 0.32 0.32 0.33 0.31 0.22 0.28 0.33 0.30
003 0.34 0.38 0.31 0.34 0.34 0.16 0.27 0.34 0.29
004 0.29 0.34 0.28 0.36 0.34 0.16 0.26 0.29 0.34
005 0.40 0.28 0.30 0.31 0.32 0.12 0.30 0.31 0.29
NP- 22   1978
row jan  feb  mar  apr  oct  nov  dec
    (20) (19) (20) (20) (20) (20) (20)
001 0.32 0.33 0.29 0.28 0.22 0.30 0.28
002 0.24 0.31 0.30 0.34 0.22 0.25 0.25
003 0.30 0.34 0.34 0.40 0.20 0.24 0.19
004 0.34 0.30 0.32 0.36 0.21 0.36 0.23
005 0.31 0.29 0.30 0.25 0.23 0.45 0.33
NP- 22   1979
row jan   feb  mar  apr  sep  oct  nov  dec
    (20) (20) (20) (20) (20) (20) (20) (20)
001 0.27 0.28 0.31 0.20 0.18 0.27 0.26 0.33
002 0.29 0.32 0.28 0.26 0.26 0.16 0.26 0.26
003 0.25 0.25 0.28 0.31 0.22 0.20 0.23 0.30
004 0.26 0.29 0.29 0.31 0.17 0.27 0.24 0.32
005 0.35 0.32 0.29 0.31 0.21 0.22 0.26 0.28
006  -    -    -   0.25 0.20 0.25 0.22 0.29
007  -    -    -   0.32  -    -    -    -
008  -    -    -   0.38  -    -    -    -
009  -    -    -   0.21  -    -    -    -
010  -    -    -   0.29  -    -    -    -
NP- 22   1980
row jan  feb   mar  apr  sep  oct  nov  dec
    (20) (20) (20) (20) (21) (21) (23) (20)
001 0.19 0.25 0.30 0.30 0.33  0.32 0.24 0.31
002 0.31 0.19 0.32 0.20 0.28  0.30 0.31 0.35
003 0.30 0.27 0.25 0.23 0.29  0.31 0.29 0.33
004 0.32 0.26 0.26 0.26 0.31  0.32 0.32 0.34
005 0.32 0.23 0.24 0.26 0.28  0.30 0.38 0.33
006 0.31 0.24 0.30 0.27  -      -   -    -
NP- 22   1981
row jan  fab  mch  apr  sep  oct  nov  dec
    (20) (20) (20) (20) (19) (20) (20) (20)
001 0.33 0.24 0.33 0.33 0.21 0.34 0.33 0.34
002 0.28 0.26 0.26 0.31 0.24 0.29 0.28 0.29
003 0.35 0.32 0.27 0.34 0.20 0.32 0.31 0.32
004 0.32 0.30 0.36 0.31 0.21 0.31 0.30 0.31
005 0.30 0.39 0.40 0.34 0.21 0.29 0.29 0.30
NP- 22   1982
row jan  fab  mch
    (20) (20) (20)
001 0.33 0.38 0.38
002 0.30 0.39 0.39
003 0.33 0.38 0.37
004 0.32 0.38 0.38
005 0.32 0.40 0.39
NP-23 1977
row oct  nov  dec
    (19) (19) (22)
001 0.28 0.24 0.30
002 0.23 0.26 0.27
003 0.29 0.26 0.26
004 0.29 0.31 0.28
005 0.25 0.28 0.27
NP-23 1978
row jan  feb  mar  apr  sep  oct
    (19) (20) (19) (20) (20) (20)
001 0.25 0.32 0.32 0.30 0.26 0.25
002 0.25 0.34 0.30 0.27 0.23 0.24
003 0.30 0.34 0.29 0.30 0.29 0.30
004 0.31 0.35 0.31 0.32 0.26 0.27
005 0.27 0.32 0.33 0.31 0.27 0.25
NP- 24   1978
row sep  oct  nov  dec
    (20) (20) (20) (19)
001 0.27 0.27 0.28 0.32
002 0.24 0.22 0.29 0.29
003 0.25 0.27 0.27 0.31
004 0.26 0.25 0.28 0.29
005 0.24 0.26 0.27 0.30
NP- 24   1979
row jan  fab  mch
    (19) (19) (19)
001 0.28 0.30 0.32
002 0.28 0.31 0.33
003 0.31 0.31 0.33
004 0.27 0.31 0.32
005 0.29 0.32 0.31
NP- 24   1980
row nov
    (20)
001 0.34
002 0.28
003 0.34
004 0.29
005 0.32
NP-25 1981
row jun  sep  oct  nov  dec
    (10) (20) (20) (20) (20)
001 0.34 0.17 0.28 0.35 0.22
002 0.28 0.16 0.29 0.28 0.35
003 0.33 0.19 0.29 0.36 0.34
004 0.31 0.18 0.27 0.21 0.31
005 0.38 0.18 0.28 0.32 0.30
006 0.36 0.20 0.27 0.33 0.27
007 0.30 0.16 0.27 0.23 0.35
008 0.30 0.17 0.28 0.33 0.33
009 0.34 0.17 0.28 0.22 0.31
010 0.36 0.18 0.27 0.35 0.27
NP-25 1982
row jan  feb  mar  apr  sep  oct  nov  dec
    (20) (20) (20) (20) (20) (20) (20) (20)
001 0.23 0.35 0.36 0.35 0.29 0.30 0.29 0.31
002 0.34 0.36 0.35 0.37 0.29 0.31 0.31 0.30
003 0.36 0.29 0.30 0.34 0.35 0.31 0.30 0.31
004 0.30 0.37 0.37 0.37 0.30 0.32 0.29 0.31
005 0.25 0.34 0.32 0.35 0.24 0.30 0.32 0.30
006 0.33 0.38 0.37 0.36
007 0.32 0.36 0.30 0.36
008 0.28 0.33 0.38 0.33
009 0.35 0.35 0.36 0.35
010 0.30 0.37 0.37 0.34
NP-25 1983
row jan  feb  mar  apr  sep  sep  oct  oct  oct  nov  nov  nov  dec  dec  dec
    (20) (20) (20) (20) (20) (30) (10) (20) (31) (10) (20) (30) (10) (20) (30)
001 0.32 0.33 0.32 0.34 0.29 0.23 0.30 0.28 0.29 0.31 0.31 0.32 0.32 0.31 0.33
002 0.31 0.29 0.39 0.30 0.34 0.31 0.32 0.34 0.33 0.32 0.33 0.32 0.34 0.34 0.32
003 0.33 0.31 0.35 0.35 0.28 0.27 0.28 0.29 0.31 0.32 0.33 0.33 0.34 0.33 0.34
004 0.33 0.30 0.31 0.31 0.25 0.26 0.24 0.24 0.26 0.29 0.29 0.31 0.30 0.31 0.31
005 0.31 0.28 0.36 0.32 0.25 0.24 0.26 0.23 0.29 0.31 0.32 0.31 0.29 0.30 0.31
NP-25 1984
row jan  jan  jan  feb  feb  feb  mar  mar
    (10) (20) (30) (10) (20) (29) (10) (20)
001 0.33 0.34 0.35 0.36 0.38 0.36 0.37 0.37
002 0.34 0.35 0.34 0.36 0.35 0.37 0.36 0.36
003 0.32 0.35 0.35 0.33 0.35 0.37 0.33 0.33
004 0.33 0.32 0.33 0.33 0.35 0.34 0.35 0.35
005 0.32 0.32 0.33 0.31 0.33 0.32 0.34 0.36
NP-26 1983
row jun  jun  jun  sep  sep  sep  oct  oct  oct  nov  nov  nov  dec  dec  dec
    (10) (20) (31) (11) (20) (30) (10) (20) (31) (12) (20) (30) (10) (21) (31)
001 0.27 0.33 0.38 0.31 0.26 0.39 0.36 0.38 0.35 0.33 0.33 0.32 0.33 0.32 0.33
002 0.26 0.29 0.28 0.26 0.24 0.32 0.34 0.34 0.30 0.33 0.33 0.32 0.34 0.32 0.29
003 0.33 0.32 0.30 0.24 0.23 0.35 0.28 0.38 0.35 0.32 0.31 0.32 0.35 0.33 0.29
004 0.37 0.37 0.49 0.28 0.27 0.30 0.35 0.30 0.33 0.33 0.31 0.34 0.33 0.34 0.30
005 0.32 0.35 0.42 0.24 0.23 0.32 0.35 0.30 0.40 0.33 0.32 0.34 0.34 0.31 0.29
NP-26 1984
row jan  jan  jan  feb  feb  feb  mar  mar  mar
    (10) (20) (31) (13) (23) (29) (10) (20) (31)
001 0.32 0.33 0.31 0.22 0.35 0.33 0.34 0.34 0.34
002 0.30 0.30 0.31 0.33 0.35 0.32 0.32 0.33 0.36
003 0.29 0.29 0.30 0.34 0.31 0.32 0.35 0.35 0.32
004 0.30 0.33 0.31 0.36 0.32 0.33 0.33 0.33 0.35
005 0.28 0.32 0.30 0.30 0.33 0.33 0.33 0.34 0.34
NP-26 1985
row jan  feb  aug  sep  oct  nov  dec  dec
    (20) (20) (21) (22) (20) (20) (20) (30)
001 0.36 0.34 0.19 0.30 0.31 0.32 0.37 0.36
002 0.35 0.36 0.18 0.25 0.33 0.34 0.35 0.35
003 0.32 0.32 0.22 0.28 0.35 0.34 0.31 0.32
004 0.33 0.33 0.19 0.34 0.31 0.35 0.34 0.33
005 0.35 0.36 0.19 0.28 0.32 0.35 0.33 0.35
NP-26 1986
row feb
    (20)
001 0.34
002 0.36
003 0.32
004 0.33
005 0.36
NP-27 1984
row  sep  oct  nov  dec
     (20) (20) (20) (20)
001  0.36 0.22 0.19 0.18
002  0.16 0.23 0.19 0.20
003  0.23 0.23 0.25 0.19
004  0.34 0.20 0.22 0.25
005  0.00 0.26 0.21 0.22
NP-27 1985
row apr  sep  oct  nov  dec
    (20) (26) (24) (11) (31)
001 0.41 0.30 0.35 0.38 0.40
002 0.39 0.30 0.33 0.36 0.42
003 0.40 0.23 0.37 0.39 0.41
004 0.42 0.28 0.38 0.40 0.37
005 0.37 0.33 0.34 0.36 0.37
006 0.38 0.38 0.37 0.40 0.38
007 0.43 0.33 0.32 0.38 0.41
008 0.39 0.35 0.31 0.35 0.43
009 0.41 0.30 0.36 0.32 0.38
010 0.40 0.30 0.37 0.37 0.39
NP-27 1986
row jan  feb  mar  apr  jun  jun  sep  sep  sep  oct  oct  oct  nov  nov  nov  dec  dec  dec
    (31) (24) (28) (28) (17) (27) (07) (19) (27) (10) (19) (31) (06) (20) (30) (10) (21) (30)
001 0.36 0.36 0.38 0.35 0.31 0.49 0.20 0.26 0.50 0.17 0.30 0.23 0.23 0.33 0.26 0.34 0.26 0.29
002 0.35 0.35 0.37 0.38 0.32 0.40 0.18 0.24 0.24 0.24 0.31 0.24 0.23 0.43 0.37 0.30 0.33 0.31
003 0.34 0.34 0.35 0.35 0.41 0.30 0.25 0.26 0.24 0.27 0.26 0.31 0.45 0.18 0.18 0.27 0.38 0.26
004 0.38 0.38 0.40 0.34 0.37 0.32 0.22 0.25 0.35 0.20 0.40 0.21 0.25 0.42 0.20 0.30 0.26 0.33
005 0.33 0.33 0.34 0.39 0.40 0.37 0.24 0.26 0.22 0.38 0.45 0.18 0.39 0.26 0.19 0.45 0.20 0.30
006 0.35 0.35 0.42 0.37  -    -    -    -    -    -    -    -    -    -    -    -    -    -
007 0.35 0.35 0.35 0.36  -    -    -    -    -    -    -    -    -    -    -    -    -    -
008 0.32 0.32 0.36 0.40  -    -    -    -    -    -    -    -    -    -    -    -    -    -
009 0.41 0.41 0.34 0.38  -    -    -    -    -    -    -    -    -    -    -    -    -    -
010 0.37 0.37 0.40 0.36  -    -    -    -    -    -    -    -    -    -    -    -    -    -
NP-27 1987
row jan  jan  jan  feb  feb  feb  mar  mar  mar  apr  apr  apr  may
    (09) (20) (29) (09) (18) (26) (09) (19) (29) (08) (18) (28) (08)
001 0.36 0.34 0.34 0.31 0.23 0.36 0.42 0.40 0.39 0.32 0.31 0.35 0.35
002 0.34 0.29 0.30 0.34 0.38 0.34 0.35 0.35 0.37 0.33 0.45 0.39 0.34
003 0.29 0.26 0.26 0.30 0.29 0.25 0.33 0.28 0.32 0.29 0.35 0.31 0.30
004 0.48 0.28 0.30 0.40 0.37 0.23 0.38 0.55 0.38 0.29 0.30 0.37 0.31
005 0.34 0.31 0.25 0.34 0.37 0.38 0.31 0.37 0.36 0.33 0.28 0.35 0.29
NP-28 1986
row sep  sep  sep  oct  oct  oct  nov  nov  nov  dec  dec  dec
    (08) (21) (30) (05) (19) (27) (11) (21) (30) (10) (21) (31)
001 0.28 0.30 0.32 0.27 0.28 0.30 0.31 0.30 0.32 0.33 0.31 0.32
002 0.25 0.29 0.33 0.26 0.27 0.26 0.22 0.25 0.22 0.22 0.28 0.30
003 0.27 0.34 0.33 0.27 0.38 0.37 0.25 0.23 0.24 0.24 0.30 0.30
004 0.15 0.14 0.13 0.18 0.19 0.21 0.30 0.35 0.33 0.35 0.29 0.28
005 0.25 0.32 0.38 0.35 0.24 0.26 0.33 0.30 0.30 0.32 0.30 0.30
NP-28 1987
row jan  jan  jan  feb  feb  feb  mar  mar  mar  apr  apr  apr  may  may  may  jun  jun  jun  oct  nov  nov  nov  dec  dec  dec
    (09) (20) (30) (08) (19) (27) (06) (15) (22) (08) (18) (28) (08) (18) (28) (10) (18) (28) (21) (08) (18) (28) (08) (18) (28)
001 0.33 0.33 0.32 0.33 0.33 0.32 0.31 0.29 0.29 0.33 0.34 0.31 0.33 0.38 0.40 0.43 0.58 0.67 0.24 0.25 0.28 0.31 0.26 0.29 0.26
002 0.28 0.30 0.31 0.32 0.33 0.34 0.33 0.31 0.26 0.30 0.32 0.31 0.33 0.39 0.41 0.43 0.51 0.71 0.29 0.32 0.19 0.34 0.28 0.31 0.28
003 0.34 0.30 0.32 0.33 0.34 0.34 0.36 0.35 0.36 0.29 0.27 0.25 0.28 0.30 0.36 0.38 0.60 0.72 0.30 0.22 0.26 0.18 0.29 0.22 0.32
004 0.29 0.33 0.33 0.34 0.32 0.33 0.34 0.30 0.34 0.32 0.36 0.37 0.40 0.47 0.45 0.42 0.57 0.60 0.22 0.23 0.25 0.24 0.23 0.24 0.24
005 0.30 0.33 0.32 0.32 0.34 0.32 0.30 0.34 0.31 0.31 0.30 0.32 0.42 0.44 0.42 0.50 0.59 0.64 0.26 0.23 0.26 0.27 0.25 0.24 0.25
NP-28 1988
row jan  jan  jan  feb  feb  feb  mar  mar  mar
    (08) (18) (28) (08) (18) (28) (08) (18) (28)
001 0.24 0.35 0.30 0.33 0.32 0.30 0.18 0.37 0.34
002 0.31 0.24 0.26 0.29 0.30 0.34 0.34 0.36 0.36
003 0.27 0.28 0.27 0.29 0.31 0.26 0.27 0.33 0.35
004 0.26 0.28 0.28 0.28 0.28 0.27 0.29 0.37 0.33
005 0.28 0.28 0.28 0.26 0.29 0.29 0.34 0.32 0.32
NP- 29   1988
row  jun  jun
    (10) (22)
001 0.29   -
002 0.34   -
003 0.32   -
004 0.23   -
005 0.35   -
006 0.31   -
007 0.28   -
008 0.34   -
009 0.35   -
010 0.35   -
NP- 30   1987
row  nov  nov  nov  dec  dec
    (10) (20) (30) (12) (20)
001 0.29 0.32 0.30 0.28 0.29
002 0.26 0.37 0.29 0.30 0.27
003 0.23 0.26 0.26 0.26 0.32
004 0.25 0.33 0.29 0.31 0.29
005 0.26 0.32 0.30 0.28 0.32
006 0.26 0.38 0.29 0.29 0.29
007 0.28 0.34 0.31 0.27 0.30
008 0.23 0.28 0.32 0.26 0.32
009 0.23 0.35 0.32 0.28 0.30
010 0.29 0.32 0.27 0.25 0.21
NP- 30   1988
row jan  jan  feb  feb  feb  mar  mar  mar  apr  apr  apr  may  may  may  jun  jun  jun  aug  aug  spt  spt  spt  oct  oct  oct  nov  nov  nov  dec  dec  dec
    (10) (31) (10) (20) (25) (09) (19) (30) (09) (21) (29) (10) (20) (31) (10) (20) (30) (20) (30) (10) (20) (30) (10) (20) (31) (10) (21) (30) (10) (20) (31)
001 0.24 0.38 0.31 0.33 0.28 0.33 0.44 0.41 0.32 0.34 0.49 0.36 0.30 0.38 0.38 0.38 0.38 0.25 0.23 0.21 0.24 0.34 0.34 0.27 0.31 0.27 0.28 0.31 0.35 0.31 0.30
002 0.32 0.41 0.32 0.35 0.30 0.34 0.33 0.37 0.34 0.39 0.39 0.31 0.31 0.36 0.37 0.39 0.41 0.24 0.28 0.19 0.26 0.34 0.36 0.24 0.30 0.26 0.29 0.29 0.33 0.27 0.31
003 0.29 0.32 0.31 0.32 0.27 0.24 0.26 0.27 0.42 0.38 0.36 0.41 0.35 0.31 0.34 0.31 0.35 0.24 0.28 0.22 0.26 0.32 0.35 0.21 0.29 0.30 0.30 0.31 0.33 0.31 0.34
004 0.25 0.30 0.28 0.29 0.34 0.41 0.37 0.35 0.42 0.37 0.30 0.39 0.38 0.31 0.34 0.38 0.37 0.25 0.23 0.24 0.19 0.30 0.34 0.22 0.29 0.29 0.32 0.26 0.34 0.32 0.30
005 0.34 0.33 0.25 0.28 0.31 0.28 0.29 0.28 0.33 0.43 0.34 0.30 0.34 0.32 0.39 0.37 0.36 0.26 0.26 0.25 0.20 0.34 0.32 0.24 0.30 0.31 0.33 0.29 0.37 0.32 0.27
006 0.29 0.35 0.30 0.29 0.32 0.40 0.32 0.24 0.28 0.33 0.46 0.39 0.30 0.36 0.36 0.32 0.33 0.21 0.21 0.24 0.25 0.34 0.36 0.25 0.29 0.30 0.31 0.31 0.36 0.32 0.28
007 0.26 0.40 0.34 0.37 0.30 0.33 0.32 0.40 0.32 0.29 0.38 0.42 0.33 0.33 0.32 0.36 0.36 0.25 0.23 0.22 0.23 0.31 0.33 0.22 0.30 0.29 0.28 0.31 0.36 0.30 0.30
008 0.30 0.36 0.36 0.33 0.27 0.34 0.44 0.29 0.34 0.34 0.30 0.43 0.37 0.37 0.38 0.37 0.37 0.25 0.23 0.19 0.23 0.38 0.32 0.23 0.27 0.27 0.27 0.33 0.35 0.34 0.32
009 0.29 0.31 0.33 0.24 0.29 0.28 0.40 0.29 0.30 0.38 0.38 0.35 0.34 0.39 0.39 0.35 0.38 0.28 0.24 0.23 0.26 0.29 0.37 0.25 0.30 0.30 0.28 0.32 0.34 0.29 0.31
010 0.28 0.29 0.24 0.36 0.29 0.32 0.29 0.38 0.27 0.33 0.35 0.35 0.38 0.38 0.34 0.38 0.40 0.27 0.24 0.24 0.25 0.28 0.35 0.22 0.31 0.28 0.29 0.32 0.35 0.29 0.29
NP-30   1989
row jan  jan  jan  feb  feb  feb  mar  mar  mar  apr  apr  apr  may  sep  sep  sep  oct  oct  oct  nov  nov  nov  dec  dec  dec
    (10) (20) (31) (10) (20) (28) (10) (20) (31) (10) (20) (30) (10) (10) (20) (30) (10) (20) (31) (10) (20) (30) (10) (21) (31)
001 0.30 0.30 0.32 0.32 0.31 0.31 0.33 0.34 0.34 0.34 0.33 0.33 0.32 0.10 0.15 0.21 0.30 0.31 0.20 0.26 0.26 0.28 0.29 0.29 0.32
002 0.30 0.29 0.30 0.30 0.32 0.33 0.34 0.34 0.34 0.33 0.33 0.33 0.35  -   0.12 0.20 0.32 0.24 0.29 0.30 0.28 0.34 0.34 0.34 0.34
003 0.33 0.32 0.32 0.33 0.32 0.29 0.30 0.31 0.35 0.33 0.31 0.32 0.33  -   0.13 0.20 0.20 0.21 0.39 0.34 0.34 0.31 0.33 0.34 0.35
004 0.31 0.29 0.33 0.32 0.31 0.32 0.34 0.34 0.34 0.34 0.34 0.35 0.36 0.09 0.15 0.22 0.28 0.27 0.29 0.30 0.30 0.32 0.30 0.29 0.29
005 0.28 0.29 0.31 0.35 0.29 0.32 0.29 0.31 0.35 0.33 0.34 0.34 0.34  -   0.12 0.20 0.20 0.30 0.34 0.27 0.27 0.32 0.30 0.30 0.28
006 0.29 0.28 0.35 0.30 0.28 0.33 0.32 0.33 0.33 0.35 0.34 0.35 0.38 0.08 0.12 0.19 0.22 0.21 0.27 0.31 0.32 0.29 0.29 0.29 0.29
007 0.31 0.30 0.33 0.29 0.32 0.34 0.33 0.33 0.36 0.32 0.32 0.31 0.36 0.10 0.14 0.22 0.26 0.21 0.31 0.27 0.25 0.30 0.29 0.28 0.28
008 0.33 0.32 0.29 0.34 0.34 0.29 0.30 0.31 0.31 0.34 0.35 0.33 0.33 0.11 0.18 0.20 0.22 0.22 0.21 0.31 0.21 0.29 0.30 0.30 0.32
009 0.32 0.33 0.29 0.33 0.31 0.31 0.34 0.35 0.35 0.34 0.34 0.34 0.33 0.10 0.14 0.20 0.25 0.21 0.19 0.36 0.33 0.27 0.28 0.28 0.32
010 0.30 0.30 0.32 0.32 0.31 0.31 0.33 0.32 0.32 0.34 0.34 0.33 0.34 0.12 0.15 0.22 0.25 0.22 0.24 0.30 0.33 0.31 0.30 0.30 0.28
NP-30   1990
row jan  jan  jan  feb  feb  feb  mar  mar  mar  may  jun  sep  oct  oct  oct  nov  nov  nov  dec  dec  dec
    (10) (20) (31) (10) (20) (28) (10) (20) (31) (10) (10) (20) (11) (21) (30) (10) (20) (30) (10) (20) (30)
001 0.32 0.34 0.29 0.27 0.33 0.28 0.35 0.33 0.31 0.30 0.33 0.24 0.25 0.23 0.23 0.28 0.31 0.29 0.30 0.38 0.43
002 0.40 0.33 0.25 0.29 0.31 0.27 0.32 0.34 0.31 0.31 0.31 0.26 0.21 0.25 0.28 0.26 0.29 0.24 0.28 0.28 0.32
003 0.31 0.39 0.32 0.29 0.44 0.32 0.39 0.32 0.37 0.31 0.33 0.23 0.23 0.23 0.28 0.28 0.24 0.28 0.43 0.40 0.34
004 0.27 0.33 0.33 0.31 0.29 0.33 0.31 0.35 0.34 0.31 0.31 0.25 0.22 0.28 0.25 0.27 0.30 0.29 0.46 0.37 0.32
005 0.28 0.33 0.28 0.34 0.33 0.31 0.29 0.34 0.35 0.31 0.27 0.24 0.26 0.26 0.28 0.26 0.25 0.24 0.30 0.26 0.28
006 0.28 0.31 0.33 0.32 0.30 0.31 0.29 0.31 0.29 0.32 0.31 0.22 0.24 0.24 0.26 0.24 0.23 0.24 0.26 0.29 0.25
007 0.30 0.34 0.36 0.29 0.31 0.26 0.27 0.32 0.34 0.28 0.27 0.23 0.25 0.26 0.26 0.20 0.25 0.26 0.32 0.36 0.39
008 0.31 0.28 0.33 0.48 0.33 0.32 0.31 0.30 0.29 0.32 0.30 0.20 0.21 0.23 0.24 0.25 0.26 0.28 0.39 0.38 0.28
009 0.29 0.35 0.32 0.30 0.30 0.27 0.34 0.31 0.37 0.31 0.30 0.22 0.24 0.22 0.27 0.26 0.26 0.29 0.27 0.32 0.28
010 0.27 0.32 0.33 0.30 0.31 0.36 0.37 0.31 0.36 0.27 0.29 0.18 0.23 0.25 0.26 0.25 0.29 0.26 0.29 0.38 0.38
NP- 30  1991
row  jan  jan  jan  feb  feb  feb  mar
    (10) (20) (31) (10) (21) (28) (10)
001 0.35 0.33 0.20 0.23 0.30 0.31 0.26
002 0.21 0.22 0.21 0.21 0.22 0.27 0.29
003 0.31 0.35 0.26 0.30 0.30 0.23 0.27
004 0.25 0.24 0.20 0.29 0.27 0.27 0.27
005 0.26 0.24 0.20 0.22 0.25 0.29 0.26
006 0.27 0.22 0.21 0.20 0.29 0.31 0.32
007 0.31 0.29 0.30 0.26 0.27 0.18 0.32
008 0.24 0.23 0.22 0.24 0.29 0.23 0.25
009 0.21 0.26 0.23 0.22 0.27 0.21 0.34
010 0.30 0.29 0.28 0.31 0.26 0.20 0.31
NP- 31  1988
row  dec  dec  dec
    (10) (20) (30)
001 0.31 0.31 0.31
002 0.30 0.36 0.30
003 0.36 0.21 0.29
004 0.33 0.32 0.28
005 0.22 0.30 0.28
006 0.22 0.30 0.34
007 0.35 0.27 0.28
008 0.29 0.33 0.32
009 0.35 0.30 0.31
010 0.33 0.29 0.31
NP-31 1989
row jan  jan  jan  feb  feb  feb  mar  mar  mar  apr  apr  apr  may  may  may  jun  jun  sep  sep  oct  oct  oct  nov  nov  nov  dec  dec  dec
    (10) (20) (31) (10) (21) (28) (10) (20) (30) (10) (20) (30) (10) (20) (31) (10) (20) (20) (30) (10) (20) (31) (10) (20) (30) (10) (20) (31)
001 0.30 0.31 0.31 0.33 0.35 0.35 0.35 0.33 0.36 0.36 0.34 0.32 0.36 0.33 0.33 0.34 0.39 0.26 0.29 0.27 0.29 0.29 0.27 0.29 0.29 0.30 0.30 0.30
002 0.32 0.28 0.34 0.34 0.30 0.31 0.30 0.32 0.31 0.30 0.34 0.32 0.37 0.36 0.36 0.38 0.42 0.26 0.26 0.28 0.28 0.30 0.29 0.30 0.30 0.30 0.31 0.29
003 0.37 0.35 0.40 0.33 0.35 0.33 0.35 0.30 0.35 0.35 0.33 0.30 0.32 0.36 0.35 0.42 0.45 0.20 0.23 0.28 0.29 0.29 0.28 0.29 0.29 0.32 0.30 0.30
004 0.36 0.32 0.37 0.32 0.31 0.34 0.34 0.34 0.33 0.33 0.31 0.32 0.31 0.33 0.32 0.37 0.44 0.28 0.29 0.27 0.28 0.29 0.30 0.29 0.29 0.30 0.29 0.29
005 0.30 0.35 0.37 0.30 0.32 0.36 0.34 0.32 0.32 0.32 0.32 0.34 0.38 0.33 0.35 0.40 0.45 0.24 0.29 0.28 0.28 0.28 0.29 0.29 0.29 0.30 0.30 0.30
006 0.35 0.34 0.27 0.30 0.32 0.33 0.33 0.34 0.36 0.35 0.32 0.36 0.32 0.32 0.35 0.35 0.39 0.29 0.24 0.29 0.29 0.30 0.29 0.30 0.29 0.27 0.31 0.30
007 0.33 0.34 0.28 0.32 0.30 0.30 0.33 0.33 0.32 0.31 0.35 0.35 0.31 0.35 0.34 0.36 0.36 0.27 0.28 0.27 0.29 0.29 0.29 0.29 0.30 0.31 0.30 0.31
008 0.30 0.37 0.34 0.37 0.30 0.32 0.33 0.34 0.33 0.33 0.33 0.31 0.32 0.35 0.35 0.38 0.39 0.29 0.28 0.30 0.29 0.32 0.27 0.28 0.29 0.30 0.29 0.31
009 0.34 0.36 0.38 0.35 0.35 0.32 0.30 0.32 0.31 0.31 0.33 0.33 0.30 0.35 0.35 0.38 0.40 0.30 0.28 0.26 0.28 0.26 0.30 0.29 0.30 0.28 0.32 0.31
010 0.32 0.35 0.38 0.33 0.33 0.33 0.31 0.31 0.32 0.32 0.33 0.34 0.30 0.36 0.37 0.38 0.41           0.29 0.30 0.29 0.28 0.28 0.30 0.29 0.29 0.30
NP-31 1990
row jan  jan  jan  feb  feb  feb  mar  mar  mar  apr  apr  may  may  may  jun  spt  oct  oct  oct  nov  nov  nov  dec  dec  dec
    (10) (20) (31) (10) (20) (28) (10) (20) (31) (10) (30) (10) (21) (31) (10) (30) (10) (21) (31) (11) (21) (30) (10) (20) (30)
001 0.30 0.29 0.30 0.30 0.31 0.30 0.29 0.30 0.30 0.29 0.29 0.24 0.22 0.31 0.27      0.23 0.26 0.26 0.22 0.20 0.22 0.22 0.28 0.26
002 0.29 0.29 0.31 0.30 0.31 0.30 0.30 0.31 0.33 0.27 0.28 0.26 0.38 0.35 0.28      0.23 0.23 0.24 0.30 0.21 0.19 0.20 0.25 0.26
003 0.33 0.30 0.31 0.31 0.30 0.31 0.30 0.33 0.29 0.32 0.37 0.34 0.47 0.30 0.24 0.35 0.27 0.17 0.18 0.22 0.24 0.23 0.19 0.32 0.18
004 0.28 0.29 0.31 0.32 0.29 0.30 0.31 0.29 0.33 0.29 0.31 0.32 0.33 0.27 0.34 0.38 0.23 0.18 0.26 0.21 0.30 0.21 0.19 0.22 0.35
005 0.30 0.31 0.31 0.31 0.34 0.32 0.31 0.31 0.30 0.15 0.43 0.39 0.36 0.28 0.28 0.28 0.21 0.23 0.19 0.20 0.24 0.23 0.24 0.27 0.26
006 0.30 0.30 0.31 0.29 0.30 0.31 0.31 0.30 0.31 0.25 0.28 0.42 0.28 0.30 0.32 0.35 0.18 0.17 0.19 0.22 0.25 0.22 0.22 0.17 0.19
007 0.31 0.30 0.29 0.31 0.31 0.31 0.31 0.30 0.30 0.29 0.32 0.37 0.41 0.36 0.35 0.34 0.27 0.21 0.21 0.25 0.24 0.20 0.20 0.24 0.22
008 0.29 0.29 0.25 0.31 0.30 0.32 0.31 0.32 0.31 0.31 0.26 0.31 0.32 0.28 0.41 0.34 0.22 0.16 0.17 0.27 0.25 0.25 0.24 0.17 0.35
009 0.29 0.27 0.29 0.31 0.30 0.33 0.31 0.28 0.27 0.30 0.44 0.39 0.37 0.33 0.35 0.27 0.25 0.27 0.29 0.23 0.24 0.26 0.28 0.22 0.30
010 0.31 0.32 0.29 0.32 0.31 0.29 0.29 0.28 0.31 0.12 0.29 0.38 0.28 0.34 0.28 0.25 0.24 0.27 0.24 0.23 0.26 0.24 0.21 0.20 0.27
NP-31 1991
row jan  jan  jan  feb  feb  feb  mar  mar  mar
    (10) (20) (31) (09) (20) (28) (10) (20) (31)
001 0.25 0.23 0.37 0.32 0.33 0.35 0.37 0.33 0.31
002 0.28 0.28 0.26 0.29 0.32 0.30 0.38 0.36 0.38
003 0.23 0.19 0.29 0.32 0.28 0.38 0.30 0.31 0.36
004 0.26 0.24 0.30 0.35 0.36 0.37 0.35 0.38 0.39
005 0.22 0.25 0.35 0.27 0.33 0.37 0.31 0.37 0.32
006 0.21 0.21 0.22 0.32 0.28 0.31 0.38 0.33 0.32
007 0.19 0.26 0.25 0.37 0.37 0.36 0.36 0.37 0.38
008 0.20 0.27 0.34 0.30 0.31 0.31 0.33 0.38 0.33
009 0.22 0.20 0.23 0.33 0.35 0.32 0.32 0.32 0.30
010 0.25 0.25 0.36 0.36 0.35 0.34 0.36 0.33 0.36
